32
-3.617480 9.191210 6.774742 -11.196385 4.449364 -8.380518 -0.519652 -3.936154 1.267280 -2.386622 1.105347 -0.340912 
-1.430704 11.477996 3.600629 -6.255772 3.599761 -5.751011 -1.357558 -1.873044 -0.973774 -1.075870 0.454373 -0.262372 
-1.694422 11.734738 -1.912092 -5.975040 -1.713443 -9.739301 -0.858333 -4.706494 -1.361886 -1.231748 -0.823009 -0.291976 
-1.587003 6.349100 -2.074103 -9.176867 0.569394 -7.630506 -0.761563 -2.009408 -1.825954 -0.965282 -0.503692 -0.436717 
-1.765847 0.583437 6.131097 -12.042249 -0.361577 -5.076139 2.372957 -3.621449 2.372475 -1.237546 0.356136 -0.347349 
-1.435796 3.298390 1.199309 -10.215013 -2.555143 -3.073913 -3.105961 -0.910774 -0.304028 -1.484748 -0.167710 -0.382489 
4.295074 1.512622 -5.784925 -9.527190 4.279204 -6.419414 2.424756 -2.762907 0.524364 -0.456313 0.454839 -0.314285 
-2.745348 -1.666443 -1.886599 -9.009524 2.499273 -1.787552 -1.457387 -2.806344 -1.477132 -2.358825 -0.350048 -0.350580 
-11.824256 4.303269 -5.102589 -0.545449 -2.739690 0.177921 0.276470 -0.926125 1.172280 -0.213211 0.441500 -0.149149 
-9.016280 0.175984 -3.154826 -4.212041 -1.145910 -1.948279 0.327718 -0.225474 0.834716 -0.471789 0.361404 -0.120277 
-7.198062 1.743171 -1.249166 -0.368261 0.839536 1.217969 2.262391 0.933484 1.197296 0.234745 0.247661 -0.023055 
-6.504786 2.405350 -0.709867 -1.023633 -1.493020 -0.731157 1.021664 0.066873 0.733826 0.049748 0.230697 -0.030953 
-6.823235 2.958052 -0.028023 1.356055 1.253527 0.720599 0.731885 -0.493203 0.375465 -0.036891 0.158305 -0.034755 
-6.014388 1.974718 -0.821774 0.579625 0.605571 -1.856123 -1.320302 -0.873715 0.348041 -0.197975 0.115356 -0.046080 
-7.352257 -0.369071 0.551169 -5.428491 0.883175 -0.550744 -0.256635 -0.588858 0.996725 -0.637345 0.230460 -0.101726 
-5.161834 -2.600886 0.947661 -0.958284 -0.216681 1.298420 -1.460335 -2.607004 0.885588 -1.073023 -0.073784 -0.034054 
-0.679078 -6.143979 -1.149318 -6.177479 3.738044 -6.870424 7.932890 -2.303709 0.105961 -2.062421 0.478114 -0.436363 
1.091320 -4.383033 1.663708 -6.255127 -1.383478 -5.536437 4.771133 -0.788057 0.424453 -1.129718 0.433738 -0.463389 
1.084605 -4.779230 2.961294 -9.124841 -6.355335 0.239286 -3.533635 -2.609138 -0.694415 -2.419568 -0.355380 -0.628483 
-0.569474 -2.900215 0.577388 -5.571814 -2.549931 1.323157 2.011419 -2.301486 0.006369 -0.906551 -0.204375 -0.269770 
4.350628 -2.108083 -8.297309 -2.118802 -2.460742 -6.362212 -0.377324 -3.506436 -0.297673 -1.776276 -0.581576 -0.463432 
5.967685 0.119875 -4.774892 -3.533591 1.411961 -3.198820 -1.518289 -1.025288 0.584425 -0.510231 0.383479 -0.321756 
-1.046476 -8.045328 -0.791540 -2.890801 -2.387292 -3.497945 0.622899 -5.840942 -1.382168 -2.146280 -0.831488 -0.521912 
0.222339 -5.533803 -2.880336 0.761382 -0.086399 -2.807519 2.933370 -1.336791 -0.999630 -1.319287 0.282902 -0.293481 
0.495270 5.129821 7.411035 -6.996021 -1.821637 -0.790716 -3.338344 -2.785163 0.652307 -1.292460 0.335111 -0.224780 
2.354792 4.705115 5.624200 -4.476277 1.756718 -2.728526 -1.164300 -1.199785 -1.640160 -0.547526 -0.230330 -0.247752 
3.403076 -3.996174 5.127449 -2.060067 -8.947161 -0.987589 0.615222 -3.468996 1.982483 -1.447622 0.550241 -0.250621 
3.152452 0.603014 3.917269 -1.262186 -3.591453 -6.642959 -1.328828 -2.991673 -1.314413 -1.600217 -0.104886 -0.392439 
-0.198063 8.095051 4.074459 0.660900 -1.339337 -2.620429 -0.925199 -2.340887 -1.232606 -1.073189 -0.280947 -0.256993 
3.510972 4.262574 0.766636 0.544789 1.604465 -2.140015 -1.485737 -1.710044 -0.670417 -0.739999 -0.132889 -0.225719 
-3.105287 5.115557 3.386449 -0.122334 1.847601 0.838524 -0.240534 -1.172420 0.020389 -0.582732 -0.079175 -0.165648 
-1.745780 -0.138027 1.795673 1.251042 1.798113 1.306228 0.487999 -1.847165 0.291017 -0.535352 -0.076186 -0.138635 
